              precision    recall  f1-score   support

         BFA     0.9867    1.0000    0.9933       371
      BOTNET     0.9400    1.0000    0.9691        47
        DDoS     1.0000    1.0000    1.0000     35982
         DoS     0.9996    0.9997    0.9996     14283
      Normal     0.9998    0.9999    0.9999     15354
       Probe     1.0000    0.9994    0.9997     26170
         U2R     1.0000    1.0000    1.0000         5
  Web-Attack     0.9608    1.0000    0.9800        49

    accuracy                         0.9998     92261
   macro avg     0.9859    0.9999    0.9927     92261
weighted avg     0.9998    0.9998    0.9998     92261
